0 0 193
1 193 205
2 398 214
3 612 203
4 815 190
5 1005 196
6 1201 199
7 1400 202
8 1602 202
9 1804 208
10 2012 194
11 2206 201
12 2407 223
13 2630 194
14 2824 194
15 3018 194
16 3212 221
17 3433 203
18 3636 197
19 3833 218
20 4051 221
21 4272 216
22 4488 200
23 4688 206
24 4894 215
25 5109 206
26 5315 215
27 5530 194
28 5724 191
29 5915 203
30 6118 188
31 6306 200
32 6506 210
33 6716 206
34 6922 212
35 7134 209
36 7343 221
37 7564 194
38 7758 200
39 7958 206
40 8164 209
41 8373 206
42 8579 213
43 8792 212
44 9004 201
45 9205 190
46 9395 210
47 9605 209
48 9814 212
49 10026 225
50 10251 207
51 10458 183
52 10641 194
53 10835 197
54 11032 179
55 11211 188
56 11399 227
57 11626 197
58 11823 188
59 12011 206
60 12217 194
61 12411 209
62 12620 200
63 12820 197
64 13017 209
65 13226 203
66 13429 204
67 13633 194
68 13827 194
69 14021 191
70 14212 182
71 14394 219
72 14613 213
73 14826 193
74 15019 209
75 15228 182
76 15410 211
77 15621 216
78 15837 206
79 16043 203
80 16246 188
81 16434 218
82 16652 185
83 16837 194
84 17031 204
85 17235 212
86 17447 192
87 17639 203
88 17842 200
89 18042 213
90 18255 206
91 18461 188
92 18649 201
93 18850 197
94 19047 207
95 19254 197
96 19451 225
97 19676 222
98 19898 203
99 20101 206
100 20307 167
101 20474 191
102 20665 199
103 20864 175
104 21039 193
105 21232 178
106 21410 212
107 21622 219
108 21841 178
109 22019 223
110 22242 187
111 22429 194
112 22623 193
113 22816 169
114 22985 196
115 23181 191
116 23372 224
117 23596 205
118 23801 184
119 23985 187
120 24172 167
121 24339 213
122 24552 199
123 24751 173
124 24924 187
125 25111 172
126 25283 193
127 25476 205
128 25681 175
129 25856 173
130 26029 239
131 26268 173
132 26441 212
133 26653 176
134 26829 160
135 26989 196
136 27185 239
137 27424 187
138 27611 187
139 27798 187
140 27985 212
141 28197 209
142 28406 202
143 28608 207
144 28815 215
145 29030 174
146 29204 172
147 29376 166
148 29542 214
149 29756 205
150 29961 184
151 30145 191
152 30336 202
153 30538 178
154 30716 178
155 30894 196
156 31090 181
157 31271 203
158 31474 233
159 31707 184
160 31891 256
161 32147 191
162 32338 190
163 32528 184
164 32712 182
165 32894 179
166 33073 206
167 33279 184
168 33463 190
169 33653 229
170 33882 226
171 34108 208
172 34316 215
173 34531 166
174 34697 187
175 34884 184
176 35068 172
177 35240 187
178 35427 185
179 35612 190
180 35802 178
181 35980 178
182 36158 172
183 36330 187
184 36517 175
185 36692 178
186 36870 203
187 37073 250
188 37323 188
189 37511 202
190 37713 217
191 37930 187
192 38117 205
193 38322 242
194 38564 175
195 38739 214
196 38953 241
197 39194 205
198 39399 167
199 39566 205
200 39771 208
201 39979 170
202 40149 198
203 40347 170
204 40517 180
205 40697 228
206 40925 208
207 41133 251
208 41384 222
209 41606 185
210 41791 183
211 41974 215
212 42189 219
213 42408 235
214 42643 224
215 42867 170
216 43037 211
217 43248 164
218 43412 220
219 43632 196
220 43828 196
221 44024 196
222 44220 196
223 44416 196
224 44612 196
225 44808 196
226 45004 196
227 45200 193
228 45393 185
229 45578 222
230 45800 213
231 46013 219
232 46232 173
233 46405 182
234 46587 213
235 46800 256
236 47056 214
237 47270 195
238 47465 178
239 47643 185
240 47828 245
241 48073 219
242 48292 200
243 48492 193
244 48685 230
245 48915 190
246 49105 218
247 49323 209
248 49532 193
249 49725 209
250 49934 206
251 50140 212
252 50352 209
253 50561 210
254 50771 199
255 50970 197
256 51167 180
257 51347 229
258 51576 208
259 51784 251
260 52035 200
261 52235 181
262 52416 214
263 52630 215
264 52845 219
265 53064 204
266 53268 222
267 53490 213
268 53703 219
269 53922 219
270 54141 195
271 54336 172
272 54508 245
273 54753 219
274 54972 172
275 55144 190
276 55334 183
277 55517 210
278 55727 184
279 55911 234
280 56145 208
281 56353 249
282 56602 235
283 56837 190
284 57027 215
285 57242 215
286 57457 219
287 57676 201
288 57877 206
289 58083 223
290 58306 184
291 58490 222
292 58712 213
293 58925 210
294 59135 198
295 59333 220
296 59553 223
297 59776 172
298 59948 261
299 60209 219
300 60428 192
301 60620 195
302 60815 235
303 61050 215
304 61265 229
305 61494 193
306 61687 193
307 61880 193
308 62073 193
309 62266 181
310 62447 215
311 62662 219
312 62881 212
313 63093 194
314 63287 220
315 63507 211
316 63718 219
317 63937 204
318 64141 222
319 64363 186
320 64549 195
321 64744 190
322 64934 201
323 65135 219
324 65354 198
325 65552 231
326 65783 206
327 65989 218
328 66207 197
329 66404 221
330 66625 209
331 66834 206
332 67040 209
333 67249 206
334 67455 218
335 67673 198
336 67871 199
337 68070 188
338 68258 181
339 68439 200
340 68639 209
341 68848 219
342 69067 200
343 69267 210
344 69477 185
345 69662 216
346 69878 219
347 70097 192
348 70289 206
349 70495 197
350 70692 210
351 70902 220
352 71122 206
353 71328 203
354 71531 202
355 71733 214
356 71947 196
357 72143 224
358 72367 170
359 72537 213
360 72750 220
361 72970 223
362 73193 223
363 73416 171
364 73587 197
365 73784 209
366 73993 183
367 74176 189
368 74365 183
369 74548 181
370 74729 200
371 74929 209
372 75138 219
373 75357 200
374 75557 192
375 75749 184
376 75933 216
377 76149 220
378 76369 171
379 76540 203
380 76743 186
381 76929 206
382 77135 197
383 77332 220
384 77552 214
385 77766 196
386 77962 182
387 78144 213
388 78357 220
389 78577 209
390 78786 183
391 78969 164
392 79133 183
393 79316 181
394 79497 200
395 79697 209
396 79906 219
397 80125 200
398 80325 186
399 80511 184
400 80695 216
401 80911 220
402 81131 207
403 81338 206
404 81544 197
405 81741 220
406 81961 276
407 82237 196
408 82433 171
409 82604 219
410 82823 211
411 83034 273
412 83307 164
413 83471 212
414 83683 220
415 83903 186
416 84089 204
417 84293 186
418 84479 198
419 84677 186
420 84863 180
421 85043 186
422 85229 183
423 85412 198
424 85610 192
425 85802 209
426 86011 183
427 86194 215
428 86409 213
429 86622 199
430 86821 200
431 87021 180
432 87201 199
433 87400 208
434 87608 218
435 87826 199
436 88025 184
437 88209 181
438 88390 205
439 88595 196
440 88791 220
441 89011 219
442 89230 213
443 89443 195
444 89638 187
445 89825 191
446 90016 185
447 90201 165
448 90366 212
449 90578 219
450 90797 192
451 90989 164
452 91153 183
453 91336 208
454 91544 180
455 91724 204
456 91928 208
457 92136 218
458 92354 199
459 92553 185
460 92738 177
461 92915 215
462 93130 219
463 93349 197
464 93546 205
465 93751 196
466 93947 219
467 94166 223
468 94389 195
469 94584 204
470 94788 191
471 94979 171
472 95150 212
473 95362 219
474 95581 169
475 95750 203
476 95953 190
477 96143 176
478 96319 158
479 96477 208
480 96685 180
481 96865 199
482 97064 208
483 97272 218
484 97490 199
485 97689 185
486 97874 219
487 98093 183
488 98276 215
489 98491 242
490 98733 223
491 98956 203
492 99159 205
493 99364 196
494 99560 194
495 99754 185
496 99939 219
497 100158 181
498 100339 230
499 100569 211
500 100780 231
501 101011 231
502 101242 195
503 101437 185
504 101622 205
505 101827 213
506 102040 219
507 102259 221
508 102480 197
509 102677 212
510 102889 206
511 103095 212
512 103307 203
513 103510 215
514 103725 209
515 103934 215
516 104149 209
517 104358 221
518 104579 210
519 104789 199
520 104988 197
521 105185 180
522 105365 199
523 105564 208
524 105772 218
525 105990 199
526 106189 215
527 106404 171
528 106575 215
529 106790 188
530 106978 203
531 107181 219
532 107400 186
533 107586 208
534 107794 191
535 107985 205
536 108190 196
537 108386 232
538 108618 219
539 108837 213
540 109050 195
541 109245 171
542 109416 213
543 109629 219
544 109848 232
545 110080 158
546 110238 222
547 110460 158
548 110618 180
549 110798 199
550 110997 208
551 111205 218
552 111423 199
553 111622 191
554 111813 183
555 111996 215
556 112211 219
557 112430 189
558 112619 197
559 112816 205
560 113021 196
561 113217 219
562 113436 250
563 113686 173
564 113859 176
565 114035 201
566 114236 195
567 114431 171
568 114602 213
569 114815 219
570 115034 218
571 115252 225
572 115477 182
573 115659 177
574 115836 215
575 116051 158
576 116209 185
577 116394 165
578 116559 195
579 116754 211
580 116965 208
581 117173 215
582 117388 208
583 117596 180
584 117776 199
585 117975 208
586 118183 219
587 118402 199
588 118601 216
589 118817 219
590 119036 185
591 119221 205
592 119426 196
593 119622 219
594 119841 242
595 120083 235
596 120318 182
597 120500 194
598 120694 200
599 120894 235
600 121129 232
601 121361 213
602 121574 195
603 121769 171
604 121940 213
605 122153 180
606 122333 219
607 122552 182
608 122734 218
609 122952 211
610 123163 239
611 123402 219
612 123621 196
613 123817 200
614 124017 197
615 124214 209
616 124423 209
617 124632 239
618 124871 209
619 125080 210
620 125290 197
621 125487 199
622 125686 180
623 125866 200
624 126066 208
625 126274 219
626 126493 199
627 126692 243
628 126935 184
629 127119 215
630 127334 219
631 127553 185
632 127738 205
633 127943 196
634 128139 219
635 128358 234
636 128592 233
637 128825 195
638 129020 190
639 129210 213
640 129423 219
641 129642 208
642 129850 207
643 130057 210
644 130267 222
645 130489 216
646 130705 210
647 130915 184
648 131099 204
649 131303 208
650 131511 219
651 131730 204
652 131934 205
653 132139 190
654 132329 215
655 132544 219
656 132763 203
657 132966 200
658 133166 205
659 133371 196
660 133567 219
661 133786 200
662 133986 183
663 134169 261
664 134430 195
665 134625 205
666 134830 215
667 135045 219
668 135264 196
669 135460 215
670 135675 223
671 135898 222
672 136120 219
673 136339 179
674 136518 205
675 136723 196
676 136919 219
677 137138 193
678 137331 201
679 137532 230
680 137762 195
681 137957 184
682 138141 191
683 138332 219
684 138551 188
685 138739 194
686 138933 182
687 139115 227
688 139342 211
689 139553 244
690 139797 206
691 140003 209
692 140212 221
693 140433 209
694 140642 187
695 140829 207
696 141036 218
697 141254 196
698 141450 212
699 141662 209
700 141871 180
701 142051 188
702 142239 185
703 142424 203
704 142627 188
705 142815 206
706 143021 191
707 143212 191
708 143403 174
709 143577 206
710 143783 179
711 143962 173
712 144135 192
713 144327 174
714 144501 180
715 144681 205
716 144886 185
717 145071 199
718 145270 235
719 145505 260
720 145765 187
721 145952 221
722 146173 199
723 146372 244
724 146616 264
725 146880 182
726 147062 176
727 147238 230
728 147468 179
729 147647 178
730 147825 188
731 148013 234
732 148247 194
733 148441 206
734 148647 197
735 148844 197
736 149041 209
737 149250 197
738 149447 191
739 149638 200
740 149838 193
741 150031 204
742 150235 194
743 150429 194
744 150623 192
745 150815 264
746 151079 230
747 151309 188
748 151497 233
749 151730 226
750 151956 188
751 152144 185
752 152329 188
753 152517 200
754 152717 258
755 152975 267
756 153242 203
757 153445 243
758 153688 186
759 153874 185
760 154059 267
761 154326 229
762 154555 212
763 154767 193
764 154960 195
765 155155 188
766 155343 170
767 155513 186
768 155699 193
769 155892 188
770 156080 173
771 156253 206
772 156459 237
773 156696 194
774 156890 176
775 157066 200
776 157266 209
777 157475 258
778 157733 248
779 157981 188
780 158169 248
781 158417 236
782 158653 209
783 158862 176
784 159038 244
785 159282 199
786 159481 254
787 159735 180
788 159915 180
789 160095 180
790 160275 182
791 160457 180
792 160637 341
793 160978 185
794 161163 167
795 161330 185
796 161515 200
797 161715 173
798 161888 167
799 162055 206
800 162261 210
801 162471 221
802 162692 224
803 162916 240
804 163156 233
805 163389 209
806 163598 191
807 163789 183
808 163972 195
809 164167 190
810 164357 180
811 164537 194
812 164731 200
813 164931 176
814 165107 200
815 165307 218
816 165525 193
817 165718 194
818 165912 200
819 166112 183
820 166295 207
821 166502 188
822 166690 191
823 166881 211
824 167092 209
825 167301 205
826 167506 229
827 167735 208
828 167943 263
829 168206 240
830 168446 214
831 168660 208
832 168868 188
833 169056 208
834 169264 173
835 169437 203
836 169640 201
837 169841 203
838 170044 188
839 170232 233
840 170465 212
841 170677 201
842 170878 182
843 171060 216
844 171276 185
845 171461 211
846 171672 231
847 171903 194
848 172097 195
849 172292 203
850 172495 203
851 172698 197
852 172895 158
853 173053 176
854 173229 187
855 173416 209
856 173625 231
857 173856 236
858 174092 197
859 174289 204
860 174493 221
861 174714 176
862 174890 205
863 175095 212
864 175307 207
865 175514 200
866 175714 203
867 175917 193
868 176110 206
869 176316 224
870 176540 222
871 176762 192
872 176954 193
873 177147 213
874 177360 209
875 177569 197
876 177766 194
877 177960 215
878 178175 213
879 178388 213
880 178601 232
881 178833 190
882 179023 227
883 179250 222
884 179472 203
885 179675 205
886 179880 212
887 180092 185
888 180277 200
889 180477 215
890 180692 231
891 180923 215
892 181138 191
893 181329 193
894 181522 230
895 181752 197
896 181949 222
897 182171 212
898 182383 256
899 182639 198
900 182837 219
901 183056 201
902 183257 222
903 183479 216
904 183695 189
905 183884 192
906 184076 211
907 184287 192
908 184479 216
909 184695 243
910 184938 196
911 185134 217
912 185351 217
913 185568 215
914 185783 219
915 186002 230
916 186232 202
917 186434 207
918 186641 189
919 186830 225
920 187055 219
921 187274 204
922 187478 195
923 187673 189
924 187862 242
925 188104 208
926 188312 186
927 188498 197
928 188695 232
929 188927 210
930 189137 201
931 189338 215
932 189553 239
933 189792 177
934 189969 207
935 190176 224
936 190400 209
937 190609 210
938 190819 183
939 191002 204
940 191206 213
941 191419 211
942 191630 183
943 191813 229
944 192042 195
945 192237 216
946 192453 186
947 192639 204
948 192843 228
949 193071 200
950 193271 190
951 193461 198
952 193659 190
953 193849 211
954 194060 193
955 194253 183
956 194436 212
957 194648 186
958 194834 184
959 195018 183
960 195201 213
961 195414 180
962 195594 198
963 195792 181
964 195973 184
965 196157 219
966 196376 190
967 196566 213
968 196779 231
969 197010 236
970 197246 213
971 197459 171
972 197630 192
973 197822 206
974 198028 204
975 198232 177
976 198409 186
977 198595 235
978 198830 230
979 199060 220
980 199280 195
981 199475 199
982 199674 226
983 199900 210
984 200110 189
985 200299 189
986 200488 210
987 200698 216
988 200914 214
989 201128 203
990 201331 209
991 201540 198
992 201738 231
993 201969 177
994 202146 168
995 202314 216
996 202530 226
997 202756 208
998 202964 171
999 203135 209
1000 203344 233
1001 203577 219
1002 203796 240
1003 204036 232
1004 204268 265
1005 204533 236
1006 204769 248
1007 205017 194
1008 205211 188
1009 205399 232
1010 205631 197
1011 205828 275
1012 206103 250
1013 206353 224
1014 206577 194
1015 206771 231
1016 207002 191
1017 207193 219
1018 207412 210
1019 207622 194
1020 207816 210
1021 208026 207
1022 208233 213
1023 208446 210
1024 208656 234
1025 208890 265
1026 209155 232
1027 209387 250
1028 209637 224
1029 209861 223
1030 210084 244
1031 210328 233
1032 210561 234
1033 210795 265
1034 211060 232
1035 211292 250
1036 211542 259
1037 211801 230
1038 212031 265
1039 212296 232
1040 212528 236
1041 212764 267
1042 213031 250
1043 213281 224
1044 213505 199
1045 213704 232
1046 213936 207
1047 214143 219
1048 214362 198
1049 214560 222
1050 214782 210
1051 214992 207
1052 215199 210
1053 215409 207
1054 215616 222
1055 215838 266
1056 216104 233
1057 216337 251
1058 216588 224
1059 216812 212
1060 217024 233
1061 217257 220
1062 217477 241
1063 217718 231
1064 217949 266
1065 218215 212
1066 218427 233
1067 218660 251
1068 218911 224
1069 219135 233
1070 219368 220
1071 219588 231
1072 219819 241
1073 220060 266
1074 220326 233
1075 220559 251
1076 220810 222
1077 221032 272
1078 221304 224
1079 221528 210
1080 221738 228
1081 221966 210
1082 222176 222
1083 222398 210
1084 222608 204
1085 222812 210
1086 223022 207
1087 223229 222
1088 223451 216
1089 223667 265
1090 223932 237
1091 224169 232
1092 224401 250
1093 224651 209
1094 224860 215
1095 225075 224
1096 225299 219
1097 225518 230
1098 225748 240
1099 225988 232
1100 226220 262
1101 226482 232
1102 226714 250
1103 226964 255
1104 227219 224
1105 227443 212
1106 227655 230
1107 227885 219
1108 228104 240
1109 228344 232
1110 228576 262
1111 228838 232
1112 229070 218
1113 229288 209
1114 229497 269
1115 229766 250
1116 230016 209
1117 230225 224
1118 230449 222
1119 230671 198
1120 230869 213
1121 231082 207
1122 231289 213
1123 231502 204
1124 231706 216
1125 231922 210
1126 232132 216
1127 232348 210
1128 232558 234
1129 232792 262
1130 233054 212
1131 233266 246
1132 233512 232
1133 233744 250
1134 233994 224
1135 234218 256
1136 234474 240
1137 234714 230
1138 234944 219
1139 235163 262
1140 235425 232
1141 235657 274
1142 235931 197
1143 236128 200
1144 236328 250
1145 236578 224
1146 236802 242
1147 237044 249
1148 237293 262
1149 237555 230
1150 237785 240
1151 238025 261
1152 238286 219
1153 238505 232
1154 238737 232
1155 238969 266
1156 239235 269
1157 239504 218
1158 239722 250
1159 239972 221
1160 240193 204
1161 240397 206
1162 240603 219
1163 240822 212
1164 241034 240
1165 241274 220
1166 241494 197
1167 241691 201
1168 241892 198
1169 242090 210
1170 242300 210
1171 242510 240
1172 242750 234
1173 242984 255
1174 243239 232
1175 243471 258
1176 243729 250
1177 243979 221
1178 244200 240
1179 244440 234
1180 244674 246
1181 244920 231
1182 245151 234
1183 245385 255
1184 245640 223
1185 245863 201
1186 246064 184
1187 246248 250
1188 246498 229
1189 246727 255
1190 246982 267
1191 247249 232
1192 247481 224
1193 247705 250
1194 247955 208
1195 248163 212
1196 248375 218
1197 248593 206
1198 248799 251
1199 249050 210
1200 249260 222
1201 249482 210
1202 249692 188
1203 249880 208
1204 250088 219
1205 250307 197
1206 250504 213
1207 250717 210
1208 250927 228
1209 251155 210
1210 251365 222
1211 251587 256
1212 251843 252
1213 252095 268
1214 252363 246
1215 252609 230
1216 252839 218
1217 253057 251
1218 253308 224
1219 253532 242
1220 253774 221
1221 253995 226
1222 254221 241
1223 254462 231
1224 254693 233
1225 254926 256
1226 255182 230
1227 255412 221
1228 255633 251
1229 255884 224
1230 256108 240
1231 256348 209
1232 256557 256
1233 256813 226
1234 257039 241
1235 257280 231
1236 257511 233
1237 257744 267
1238 258011 257
1239 258268 269
1240 258537 230
1241 258767 288
1242 259055 251
1243 259306 224
1244 259530 231
1245 259761 210
1246 259971 234
1247 260205 200
1248 260405 207
1249 260612 228
1250 260840 207
1251 261047 228
1252 261275 210
1253 261485 234
1254 261719 203
1255 261922 255
1256 262177 237
1257 262414 229
1258 262643 250
1259 262893 206
1260 263099 224
1261 263323 255
1262 263578 240
1263 263818 230
1264 264048 225
1265 264273 232
1266 264505 229
1267 264734 250
1268 264984 246
1269 265230 224
1270 265454 228
1271 265682 258
1272 265940 233
1273 266173 225
1274 266398 240
1275 266638 232
1276 266870 223
1277 267093 246
1278 267339 285
1279 267624 250
1280 267874 224
1281 268098 264
1282 268362 264
1283 268626 257
1284 268883 270
1285 269153 276
1286 269429 248
1287 269677 245
1288 269922 245
1289 270167 258
1290 270425 248
1291 270673 234
1292 270907 258
1293 271165 221
1294 271386 223
1295 271609 250
1296 271859 224
1297 272083 258
1298 272341 225
1299 272566 240
1300 272806 233
1301 273039 232
1302 273271 223
1303 273494 250
1304 273744 242
1305 273986 191
1306 274177 258
1307 274435 233
1308 274668 225
1309 274893 247
1310 275140 232
1311 275372 261
1312 275633 223
1313 275856 287
1314 276143 287
1315 276430 285
1316 276715 250
1317 276965 242
1318 277207 197
1319 277404 210
1320 277614 207
1321 277821 210
1322 278031 191
1323 278222 234
1324 278456 191
1325 278647 200
1326 278847 219
1327 279066 200
1328 279266 234
1329 279500 258
1330 279758 223
1331 279981 250
1332 280231 204
1333 280435 240
1334 280675 248
1335 280923 258
1336 281181 236
1337 281417 231
1338 281648 249
1339 281897 227
1340 282124 234
1341 282358 223
1342 282581 235
1343 282816 250
1344 283066 258
1345 283324 223
1346 283547 240
1347 283787 250
1348 284037 222
1349 284259 276
1350 284535 240
1351 284775 213
1352 284988 222
1353 285210 210
1354 285420 216
1355 285636 207
1356 285843 192
1357 286035 204
1358 286239 204
1359 286443 210
1360 286653 210
1361 286863 210
1362 287073 216
1363 287289 259
1364 287548 233
1365 287781 251
1366 288032 218
1367 288250 222
1368 288472 232
1369 288704 275
1370 288979 259
1371 289238 248
1372 289486 257
1373 289743 226
1374 289969 232
1375 290201 211
1376 290412 233
1377 290645 218
1378 290863 231
1379 291094 233
1380 291327 251
1381 291578 232
1382 291810 239
1383 292049 259
1384 292308 257
1385 292565 233
1386 292798 232
1387 293030 233
1388 293263 233
1389 293496 251
1390 293747 231
1391 293978 228
1392 294206 209
1393 294415 210
1394 294625 207
1395 294832 209
1396 295041 197
1397 295238 207
1398 295445 227
1399 295672 210
1400 295882 203
1401 296085 258
1402 296343 237
1403 296580 232
1404 296812 252
1405 297064 250
1406 297314 231
1407 297545 258
1408 297803 225
1409 298028 231
1410 298259 253
1411 298512 232
1412 298744 232
1413 298976 250
1414 299226 236
1415 299462 231
1416 299693 274
1417 299967 227
1418 300194 245
1419 300439 197
1420 300636 225
1421 300861 194
1422 301055 258
1423 301313 253
1424 301566 225
1425 301791 231
1426 302022 232
1427 302254 232
1428 302486 250
1429 302736 231
1430 302967 210
1431 303177 210
1432 303387 209
1433 303596 194
1434 303790 210
1435 304000 221
1436 304221 225
1437 304446 194
1438 304640 200
1439 304840 210
1440 305050 206
1441 305256 258
1442 305514 234
1443 305748 242
1444 305990 232
1445 306222 230
1446 306452 250
1447 306702 215
1448 306917 231
1449 307148 213
1450 307361 194
1451 307555 203
1452 307758 258
1453 308016 225
1454 308241 253
1455 308494 231
1456 308725 232
1457 308957 232
1458 309189 191
1459 309380 250
1460 309630 231
1461 309861 258
1462 310119 249
1463 310368 225
1464 310593 253
1465 310846 231
1466 311077 232
1467 311309 232
1468 311541 250
1469 311791 194
1470 311985 213
1471 312198 231
1472 312429 225
1473 312654 203
1474 312857 197
1475 313054 249
1476 313303 234
1477 313537 200
1478 313737 200
1479 313937 258
1480 314195 188
1481 314383 234
1482 314617 266
1483 314883 224
1484 315107 191
1485 315298 200
1486 315498 197
1487 315695 203
1488 315898 182
1489 316080 232
1490 316312 188
1491 316500 188
1492 316688 215
1493 316903 197
1494 317100 250
1495 317350 231
1496 317581 258
1497 317839 185
1498 318024 234
1499 318258 224
1500 318482 194
1501 318676 179
1502 318855 254
1503 319109 213
1504 319322 200
1505 319522 192
1506 319714 241
1507 319955 217
1508 320172 209
1509 320381 227
1510 320608 189
1511 320797 204
1512 321001 191
1513 321192 198
1514 321390 194
1515 321584 211
1516 321795 204
1517 321999 217
1518 322216 198
1519 322414 191
1520 322605 189
1521 322794 189
1522 322983 191
1523 323174 205
1524 323379 216
1525 323595 194
1526 323789 212
1527 324001 208
1528 324209 188
1529 324397 189
1530 324586 197
1531 324783 192
1532 324975 205
1533 325180 199
1534 325379 181
1535 325560 220
1536 325780 196
1537 325976 214
1538 326190 222
1539 326412 224
1540 326636 206
1541 326842 211
1542 327053 195
1543 327248 200
1544 327448 206
1545 327654 207
1546 327861 219
1547 328080 214
1548 328294 237
1549 328531 186
1550 328717 205
1551 328922 203
1552 329125 209
1553 329334 215
1554 329549 204
1555 329753 210
1556 329963 207
1557 330170 197
1558 330367 228
1559 330595 220
1560 330815 213
1561 331028 216
1562 331244 190
1563 331434 218
1564 331652 204
1565 331856 183
1566 332039 182
1567 332221 167
1568 332388 210
1569 332598 210
1570 332808 212
1571 333020 185
1572 333205 175
1573 333380 194
1574 333574 172
1575 333746 180
1576 333926 177
1577 334103 215
1578 334318 206
1579 334524 197
1580 334721 205
1581 334926 184
1582 335110 204
1583 335314 196
1584 335510 183
1585 335693 182
1586 335875 211
1587 336086 211
1588 336297 207
1589 336504 213
1590 336717 199
1591 336916 190
1592 337106 213
1593 337319 214
1594 337533 189
1595 337722 207
1596 337929 188
1597 338117 199
1598 338316 186
1599 338502 178
1600 338680 205
1601 338885 211
1602 339096 174
1603 339270 223
1604 339493 197
1605 339690 197
1606 339887 186
1607 340073 220
1608 340293 203
1609 340496 209
1610 340705 202
1611 340907 212
1612 341119 232
1613 341351 215
1614 341566 192
1615 341758 256
1616 342014 205
1617 342219 218
1618 342437 284
1619 342721 215
1620 342936 218
1621 343154 194
1622 343348 200
1623 343548 200
1624 343748 227
1625 343975 231
1626 344206 216
1627 344422 221
1628 344643 203
1629 344846 218
1630 345064 210
1631 345274 176
1632 345450 230
1633 345680 231
1634 345911 207
1635 346118 224
1636 346342 194
1637 346536 178
1638 346714 221
1639 346935 206
1640 347141 228
1641 347369 201
1642 347570 185
1643 347755 224
1644 347979 185
1645 348164 221
1646 348385 200
1647 348585 207
1648 348792 216
1649 349008 197
1650 349205 218
1651 349423 194
1652 349617 179
1653 349796 179
1654 349975 179
1655 350154 212
1656 350366 219
1657 350585 200
1658 350785 182
1659 350967 234
1660 351201 219
1661 351420 185
1662 351605 220
1663 351825 221
1664 352046 200
1665 352246 197
1666 352443 188
1667 352631 228
1668 352859 202
1669 353061 197
1670 353258 183
1671 353441 221
1672 353662 206
1673 353868 215
1674 354083 252
1675 354335 213
1676 354548 182
1677 354730 197
1678 354927 200
1679 355127 257
1680 355384 212
1681 355596 227
1682 355823 203
1683 356026 198
1684 356224 208
1685 356432 182
1686 356614 174
1687 356788 218
1688 357006 212
1689 357218 222
1690 357440 215
1691 357655 194
1692 357849 192
1693 358041 191
1694 358232 217
1695 358449 220
1696 358669 216
1697 358885 225
1698 359110 198
1699 359308 207
1700 359515 206
1701 359721 226
1702 359947 206
1703 360153 198
1704 360351 196
1705 360547 212
1706 360759 228
1707 360987 198
1708 361185 205
1709 361390 205
1710 361595 217
1711 361812 226
1712 362038 202
1713 362240 219
1714 362459 225
1715 362684 204
1716 362888 204
1717 363092 209
1718 363301 198
1719 363499 207
1720 363706 213
1721 363919 253
1722 364172 237
1723 364409 221
1724 364630 212
1725 364842 203
1726 365045 192
1727 365237 200
1728 365437 241
1729 365678 219
1730 365897 207
1731 366104 226
1732 366330 171
1733 366501 232
1734 366733 216
1735 366949 217
1736 367166 249
1737 367415 246
1738 367661 235
1739 367896 202
1740 368098 205
1741 368303 247
1742 368550 213
1743 368763 253
1744 369016 247
1745 369263 213
1746 369476 208
1747 369684 159
1748 369843 162
1749 370005 150
1750 370155 171
1751 370326 169
1752 370495 177
1753 370672 168
1754 370840 177
1755 371017 201
1756 371218 186
1757 371404 199
1758 371603 171
1759 371774 216
1760 371990 200
1761 372190 246
1762 372436 229
1763 372665 187
1764 372852 217
1765 373069 198
1766 373267 213
1767 373480 217
1768 373697 238
1769 373935 231
1770 374166 198
1771 374364 206
1772 374570 222
1773 374792 211
1774 375003 211
1775 375214 247
1776 375461 240
1777 375701 186
1778 375887 211
1779 376098 229
1780 376327 194
1781 376521 198
1782 376719 180
1783 376899 193
1784 377092 207
1785 377299 181
1786 377480 189
1787 377669 227
1788 377896 205
1789 378101 204
1790 378305 210
1791 378515 218
1792 378733 225
1793 378958 207
1794 379165 231
1795 379396 273
1796 379669 189
1797 379858 208
1798 380066 189
1799 380255 211
1800 380466 227
1801 380693 200
1802 380893 195
1803 381088 173
1804 381261 209
1805 381470 206
1806 381676 206
1807 381882 224
1808 382106 209
1809 382315 205
1810 382520 214
1811 382734 201
1812 382935 200
1813 383135 219
1814 383354 218
1815 383572 188
1816 383760 222
1817 383982 201
1818 384183 188
1819 384371 218
1820 384589 179
1821 384768 201
1822 384969 212
1823 385181 211
1824 385392 189
1825 385581 201
1826 385782 201
1827 385983 202
1828 386185 182
1829 386367 215
1830 386582 236
1831 386818 211
1832 387029 207
1833 387236 210
1834 387446 182
1835 387628 207
1836 387835 212
1837 388047 214
1838 388261 209
1839 388470 206
1840 388676 206
1841 388882 194
1842 389076 228
1843 389304 200
1844 389504 209
1845 389713 200
1846 389913 177
1847 390090 205
1848 390295 190
1849 390485 192
1850 390677 206
1851 390883 181
1852 391064 189
1853 391253 196
1854 391449 191
1855 391640 195
1856 391835 194
1857 392029 208
1858 392237 216
1859 392453 227
1860 392680 200
1861 392880 217
1862 393097 216
1863 393313 215
1864 393528 197
1865 393725 200
1866 393925 185
1867 394110 207
1868 394317 191
1869 394508 197
1870 394705 196
1871 394901 196
1872 395097 200
1873 395297 207
1874 395504 197
1875 395701 204
1876 395905 206
1877 396111 182
1878 396293 183
1879 396476 206
1880 396682 207
1881 396889 206
1882 397095 203
1883 397298 212
1884 397510 213
1885 397723 191
1886 397914 188
1887 398102 207
1888 398309 216
1889 398525 194
1890 398719 231
1891 398950 206
1892 399156 197
1893 399353 182
1894 399535 170
1895 399705 207
1896 399912 185
1897 400097 185
1898 400282 201
1899 400483 222
1900 400705 204
1901 400909 192
1902 401101 239
1903 401340 186
1904 401526 189
1905 401715 189
1906 401904 204
1907 402108 192
1908 402300 186
1909 402486 206
1910 402692 210
1911 402902 209
1912 403111 249
1913 403360 189
1914 403549 198
1915 403747 192
1916 403939 192
1917 404131 201
1918 404332 201
1919 404533 224
1920 404757 210
1921 404967 192
1922 405159 199
1923 405358 180
1924 405538 204
1925 405742 212
1926 405954 221
1927 406175 215
1928 406390 212
1929 406602 204
1930 406806 209
1931 407015 236
1932 407251 215
1933 407466 204
1934 407670 258
1935 407928 204
1936 408132 184
1937 408316 198
1938 408514 204
1939 408718 192
1940 408910 213
1941 409123 207
1942 409330 189
1943 409519 224
1944 409743 213
1945 409956 213
1946 410169 207
1947 410376 198
1948 410574 246
1949 410820 201
1950 411021 198
1951 411219 198
1952 411417 211
1953 411628 211
1954 411839 273
1955 412112 192
1956 412304 189
1957 412493 195
1958 412688 198
1959 412886 198
1960 413084 189
1961 413273 198
1962 413471 208
1963 413679 201
1964 413880 202
1965 414082 207
1966 414289 198
1967 414487 217
1968 414704 209
1969 414913 203
1970 415116 216
1971 415332 206
1972 415538 203
1973 415741 215
1974 415956 209
1975 416165 213
1976 416378 246
1977 416624 213
1978 416837 204
1979 417041 243
1980 417284 195
1981 417479 198
1982 417677 195
1983 417872 189
1984 418061 218
1985 418279 186
1986 418465 192
1987 418657 201
1988 418858 210
1989 419068 194
1990 419262 201
1991 419463 192
1992 419655 246
1993 419901 192
1994 420093 207
1995 420300 207
1996 420507 215
1997 420722 190
1998 420912 153
1999 421065 201
2000 421266 199
2001 421465 194
2002 421659 189
2003 421848 181
2004 422029 211
2005 422240 189
2006 422429 214
2007 422643 180
2008 422823 168
2009 422991 181
2010 423172 202
2011 423374 220
2012 423594 183
2013 423777 186
2014 423963 189
2015 424152 193
2016 424345 192
2017 424537 180
2018 424717 219
2019 424936 178
2020 425114 184
2021 425298 229
2022 425527 194
2023 425721 183
2024 425904 163
2025 426067 212
2026 426279 223
2027 426502 219
2028 426721 228
2029 426949 211
2030 427160 232
2031 427392 202
2032 427594 195
2033 427789 180
2034 427969 186
2035 428155 198
2036 428353 205
2037 428558 177
2038 428735 219
2039 428954 186
2040 429140 192
2041 429332 221
2042 429553 195
2043 429748 219
2044 429967 214
2045 430181 211
2046 430392 195
2047 430587 196
2048 430783 213
2049 430996 180
2050 431176 192
2051 431368 208
2052 431576 198
2053 431774 236
2054 432010 202
2055 432212 191
2056 432403 183
2057 432586 195
2058 432781 186
2059 432967 202
2060 433169 198
2061 433367 210
2062 433577 237
2063 433814 225
2064 434039 180
2065 434219 179
2066 434398 180
2067 434578 216
2068 434794 193
2069 434987 202
2070 435189 207
2071 435396 176
2072 435572 156
2073 435728 234
2074 435962 215
2075 436177 239
2076 436416 219
2077 436635 209
2078 436844 219
2079 437063 186
2080 437249 202
2081 437451 180
2082 437631 199
2083 437830 205
2084 438035 211
2085 438246 230
2086 438476 193
2087 438669 201
2088 438870 211
2089 439081 196
2090 439277 189
2091 439466 205
2092 439671 189
2093 439860 195
2094 440055 209
2095 440264 212
2096 440476 197
2097 440673 201
2098 440874 200
2099 441074 194
2100 441268 213
2101 441481 222
2102 441703 241
2103 441944 244
2104 442188 235
2105 442423 217
2106 442640 226
2107 442866 189
2108 443055 225
2109 443280 180
2110 443460 216
2111 443676 183
2112 443859 195
2113 444054 183
2114 444237 192
2115 444429 189
2116 444618 202
2117 444820 215
2118 445035 204
2119 445239 192
2120 445431 198
2121 445629 174
2122 445803 174
2123 445977 226
2124 446203 215
2125 446418 168
2126 446586 162
2127 446748 192
2128 446940 231
2129 447171 213
2130 447384 204
2131 447588 171
2132 447759 183
2133 447942 209
2134 448151 231
2135 448382 162
2136 448544 190
2137 448734 183
2138 448917 219
2139 449136 174
2140 449310 206
2141 449516 159
2142 449675 195
2143 449870 183
2144 450053 195
2145 450248 178
2146 450426 211
2147 450637 265
2148 450902 214
2149 451116 197
2150 451313 186
2151 451499 207
2152 451706 180
2153 451886 159
2154 452045 168
2155 452213 172
2156 452385 196
2157 452581 183
2158 452764 183
2159 452947 196
2160 453143 196
2161 453339 177
2162 453516 159
2163 453675 200
2164 453875 211
2165 454086 214
2166 454300 197
2167 454497 234
2168 454731 201
2169 454932 210
2170 455142 224
2171 455366 201
2172 455567 192
2173 455759 177
2174 455936 192
2175 456128 216
2176 456344 208
2177 456552 234
2178 456786 172
2179 456958 159
2180 457117 180
2181 457297 162
2182 457459 168
2183 457627 171
2184 457798 183
2185 457981 228
2186 458209 228
2187 458437 235
2188 458672 233
2189 458905 178
2190 459083 202
2191 459285 213
2192 459498 214
2193 459712 202
2194 459914 195
2195 460109 235
2196 460344 213
2197 460557 205
2198 460762 216
2199 460978 235
2200 461213 184
2201 461397 217
2202 461614 205
2203 461819 212
2204 462031 212
2205 462243 206
2206 462449 173
2207 462622 169
2208 462791 218
2209 463009 211
2210 463220 197
2211 463417 237
2212 463654 234
2213 463888 181
2214 464069 196
2215 464265 208
2216 464473 211
2217 464684 190
2218 464874 193
2219 465067 192
2220 465259 190
2221 465449 193
2222 465642 167
2223 465809 201
2224 466010 231
2225 466241 204
2226 466445 193
2227 466638 194
2228 466832 180
2229 467012 180
2230 467192 190
2231 467382 184
2232 467566 208
2233 467774 204
2234 467978 184
2235 468162 180
2236 468342 171
2237 468513 175
2238 468688 184
2239 468872 185
2240 469057 223
2241 469280 193
2242 469473 223
2243 469696 214
2244 469910 196
2245 470106 212
2246 470318 206
2247 470524 190
2248 470714 208
2249 470922 202
2250 471124 190
2251 471314 187
2252 471501 183
2253 471684 181
2254 471865 190
2255 472055 217
2256 472272 236
2257 472508 195
2258 472703 191
2259 472894 236
2260 473130 179
2261 473309 187
2262 473496 198
2263 473694 175
2264 473869 196
2265 474065 187
2266 474252 227
2267 474479 198
2268 474677 166
2269 474843 199
2270 475042 196
2271 475238 193
2272 475431 192
2273 475623 196
2274 475819 190
2275 476009 190
2276 476199 167
2277 476366 173
2278 476539 199
2279 476738 194
2280 476932 199
2281 477131 196
2282 477327 160
2283 477487 181
2284 477668 190
2285 477858 218
2286 478076 203
2287 478279 214
2288 478493 197
2289 478690 183
2290 478873 193
2291 479066 175
2292 479241 181
2293 479422 191
2294 479613 187
2295 479800 184
2296 479984 194
2297 480178 183
2298 480361 191
2299 480552 204
2300 480756 208
2301 480964 214
2302 481178 231
2303 481409 205
2304 481614 201
2305 481815 168
2306 481983 168
2307 482151 223
2308 482374 183
2309 482557 180
2310 482737 214
2311 482951 220
2312 483171 204
2313 483375 226
2314 483601 188
2315 483789 225
2316 484014 201
2317 484215 211
2318 484426 225
2319 484651 208
2320 484859 214
2321 485073 223
2322 485296 180
2323 485476 183
2324 485659 177
2325 485836 174
2326 486010 183
2327 486193 174
2328 486367 198
2329 486565 199
2330 486764 229
2331 486993 192
2332 487185 193
2333 487378 198
2334 487576 177
2335 487753 186
2336 487939 199
2337 488138 186
2338 488324 167
2339 488491 177
2340 488668 207
2341 488875 180
2342 489055 187
2343 489242 211
2344 489453 180
2345 489633 201
2346 489834 187
2347 490021 189
2348 490210 181
2349 490391 201
2350 490592 186
2351 490778 186
2352 490964 171
2353 491135 192
2354 491327 189
2355 491516 204
2356 491720 195
2357 491915 207
2358 492122 191
2359 492313 197
2360 492510 197
2361 492707 223
2362 492930 180
2363 493110 177
2364 493287 189
2365 493476 198
2366 493674 198
2367 493872 183
2368 494055 189
2369 494244 186
2370 494430 168
2371 494598 198
2372 494796 180
2373 494976 171
2374 495147 238
2375 495385 180
2376 495565 177
2377 495742 192
2378 495934 204
2379 496138 183
2380 496321 204
2381 496525 198
2382 496723 211
2383 496934 225
2384 497159 168
2385 497327 204
2386 497531 194
2387 497725 208
2388 497933 184
2389 498117 168
2390 498285 174
2391 498459 178
2392 498637 177
2393 498814 177
2394 498991 183
2395 499174 192
2396 499366 219
2397 499585 171
2398 499756 174
2399 499930 177
2400 500107 199
2401 500306 211
2402 500517 193
2403 500710 221
2404 500931 217
2405 501148 214
2406 501362 251
2407 501613 202
2408 501815 220
2409 502035 225
2410 502260 203
2411 502463 210
2412 502673 223
2413 502896 209
2414 503105 208
2415 503313 220
2416 503533 178
2417 503711 190
2418 503901 193
2419 504094 181
2420 504275 229
2421 504504 229
2422 504733 220
2423 504953 200
2424 505153 196
2425 505349 212
2426 505561 221
2427 505782 193
2428 505975 199
2429 506174 212
2430 506386 226
2431 506612 230
2432 506842 208
2433 507050 238
2434 507288 223
2435 507511 222
2436 507733 206
2437 507939 196
2438 508135 215
2439 508350 230
2440 508580 205
2441 508785 221
2442 509006 199
2443 509205 196
2444 509401 221
2445 509622 206
2446 509828 226
2447 510054 223
2448 510277 224
2449 510501 206
2450 510707 205
2451 510912 205
2452 511117 217
2453 511334 214
2454 511548 203
2455 511751 197
2456 511948 179
2457 512127 190
2458 512317 226
2459 512543 212
2460 512755 209
2461 512964 217
2462 513181 193
2463 513374 184
2464 513558 184
2465 513742 193
2466 513935 178
2467 514113 190
2468 514303 190
2469 514493 173
2470 514666 196
2471 514862 199
2472 515061 193
2473 515254 205
2474 515459 207
2475 515666 190
2476 515856 185
2477 516041 218
2478 516259 208
2479 516467 211
2480 516678 193
2481 516871 172
2482 517043 208
2483 517251 221
2484 517472 227
2485 517699 208
2486 517907 220
2487 518127 172
2488 518299 206
2489 518505 193
2490 518698 212
2491 518910 217
2492 519127 169
2493 519296 190
2494 519486 190
2495 519676 228
2496 519904 187
2497 520091 211
2498 520302 190
2499 520492 196
2500 520688 181
2501 520869 193
2502 521062 196
2503 521258 190
2504 521448 210
2505 521658 208
2506 521866 208
2507 522074 187
2508 522261 222
2509 522483 175
2510 522658 187
2511 522845 193
2512 523038 181
2513 523219 185
2514 523404 181
2515 523585 182
2516 523767 192
2517 523959 213
2518 524172 209
2519 524381 214
2520 524595 226
2521 524821 182
2522 525003 212
2523 525215 209
2524 525424 220
2525 525644 188
2526 525832 211
2527 526043 227
2528 526270 206
2529 526476 202
2530 526678 203
2531 526881 218
2532 527099 227
2533 527326 215
2534 527541 214
2535 527755 221
2536 527976 221
2537 528197 209
2538 528406 199
2539 528605 191
2540 528796 216
2541 529012 234
2542 529246 216
2543 529462 219
2544 529681 209
2545 529890 216
2546 530106 223
2547 530329 209
2548 530538 217
2549 530755 204
2550 530959 206
2551 531165 200
2552 531365 235
2553 531600 234
2554 531834 215
2555 532049 215
2556 532264 205
2557 532469 173
2558 532642 220
2559 532862 171
2560 533033 235
2561 533268 211
2562 533479 200
2563 533679 200
2564 533879 205
2565 534084 209
2566 534293 208
2567 534501 188
2568 534689 202
2569 534891 223
2570 535114 212
2571 535326 221
2572 535547 214
2573 535761 224
2574 535985 187
2575 536172 181
2576 536353 197
2577 536550 205
2578 536755 184
2579 536939 175
2580 537114 196
2581 537310 191
2582 537501 215
2583 537716 209
2584 537925 169
2585 538094 211
2586 538305 193
2587 538498 206
2588 538704 169
2589 538873 178
2590 539051 178
2591 539229 184
2592 539413 181
2593 539594 187
2594 539781 178
2595 539959 221
2596 540180 184
2597 540364 201
2598 540565 215
2599 540780 218
2600 540998 219
2601 541217 196
2602 541413 198
2603 541611 217
2604 541828 218
2605 542046 195
2606 542241 228
2607 542469 195
2608 542664 213
2609 542877 213
2610 543090 201
2611 543291 210
2612 543501 204
2613 543705 216
2614 543921 207
2615 544128 189
2616 544317 202
2617 544519 201
2618 544720 226
2619 544946 222
2620 545168 226
2621 545394 201
2622 545595 192
2623 545787 198
2624 545985 211
2625 546196 171
2626 546367 195
2627 546562 202
2628 546764 213
2629 546977 212
2630 547189 198
2631 547387 204
2632 547591 189
2633 547780 204
2634 547984 207
2635 548191 210
2636 548401 204
2637 548605 208
2638 548813 176
2639 548989 189
2640 549178 217
2641 549395 214
2642 549609 204
2643 549813 196
2644 550009 204
2645 550213 210
2646 550423 222
2647 550645 198
2648 550843 192
2649 551035 207
2650 551242 186
2651 551428 201
2652 551629 186
2653 551815 232
2654 552047 197
2655 552244 192
2656 552436 186
2657 552622 204
2658 552826 205
2659 553031 204
2660 553235 205
2661 553440 171
2662 553611 195
2663 553806 234
2664 554040 217
2665 554257 199
2666 554456 209
2667 554665 196
2668 554861 190
2669 555051 186
2670 555237 204
2671 555441 192
2672 555633 213
2673 555846 195
2674 556041 205
2675 556246 229
2676 556475 186
2677 556661 180
2678 556841 207
2679 557048 189
2680 557237 198
2681 557435 217
2682 557652 198
2683 557850 194
2684 558044 200
2685 558244 194
2686 558438 211
2687 558649 203
2688 558852 190
2689 559042 231
2690 559273 199
2691 559472 221
2692 559693 216
2693 559909 195
2694 560104 213
2695 560317 213
2696 560530 189
2697 560719 186
2698 560905 226
2699 561131 198
2700 561329 254
2701 561583 230
2702 561813 218
2703 562031 212
2704 562243 251
2705 562494 188
2706 562682 194
2707 562876 210
2708 563086 197
2709 563283 183
2710 563466 207
2711 563673 203
2712 563876 227
2713 564103 222
2714 564325 212
2715 564537 191
2716 564728 218
2717 564946 194
2718 565140 210
2719 565350 204
2720 565554 198
2721 565752 199
2722 565951 206
2723 566157 221
2724 566378 189
2725 566567 204
2726 566771 210
2727 566981 192
2728 567173 232
2729 567405 209
2730 567614 197
2731 567811 232
2732 568043 213
2733 568256 210
2734 568466 199
2735 568665 228
2736 568893 228
2737 569121 222
2738 569343 183
2739 569526 224
2740 569750 212
2741 569962 227
2742 570189 227
2743 570416 198
2744 570614 207
2745 570821 236
2746 571057 189
2747 571246 226
2748 571472 226
2749 571698 226
2750 571924 226
2751 572150 210
2752 572360 198
2753 572558 228
2754 572786 189
2755 572975 189
2756 573164 189
2757 573353 189
2758 573542 226
2759 573768 214
2760 573982 186
2761 574168 210
2762 574378 198
2763 574576 198
2764 574774 204
2765 574978 171
2766 575149 176
2767 575325 170
2768 575495 199
2769 575694 211
2770 575905 198
2771 576103 201
2772 576304 201
2773 576505 219
2774 576724 217
2775 576941 199
2776 577140 204
2777 577344 232
2778 577576 182
2779 577758 204
2780 577962 201
2781 578163 238
2782 578401 232
2783 578633 252
2784 578885 240
2785 579125 244
2786 579369 218
2787 579587 198
2788 579785 203
2789 579988 192
2790 580180 199
2791 580379 201
2792 580580 201
2793 580781 199
2794 580980 192
2795 581172 207
2796 581379 225
2797 581604 199
2798 581803 239
2799 582042 259
2800 582301 233
2801 582534 247
2802 582781 236
2803 583017 191
2804 583208 174
2805 583382 204
2806 583586 201
2807 583787 210
2808 583997 226
2809 584223 208
2810 584431 221
2811 584652 168
2812 584820 222
2813 585042 181
2814 585223 192
2815 585415 203
2816 585618 209
2817 585827 198
2818 586025 184
2819 586209 208
2820 586417 221
2821 586638 227
2822 586865 214
2823 587079 213
2824 587292 168
2825 587460 190
2826 587650 174
2827 587824 183
2828 588007 181
2829 588188 171
2830 588359 213
2831 588572 196
2832 588768 189
2833 588957 174
2834 589131 165
2835 589296 198
2836 589494 186
2837 589680 184
2838 589864 189
2839 590053 180
2840 590233 186
2841 590419 177
2842 590596 186
2843 590782 178
2844 590960 211
2845 591171 209
2846 591380 209
2847 591589 211
2848 591800 208
2849 592008 215
2850 592223 221
2851 592444 233
2852 592677 200
2853 592877 200
2854 593077 200
2855 593277 200
2856 593477 200
2857 593677 200
2858 593877 206
2859 594083 208
2860 594291 199
2861 594490 202
2862 594692 221
2863 594913 186
2864 595099 228
2865 595327 184
2866 595511 177
2867 595688 180
2868 595868 168
2869 596036 183
2870 596219 195
2871 596414 223
2872 596637 201
2873 596838 180
2874 597018 208
2875 597226 207
2876 597433 193
2877 597626 218
2878 597844 186
2879 598030 213
2880 598243 183
2881 598426 199
2882 598625 181
2883 598806 196
2884 599002 200
2885 599202 217
2886 599419 205
2887 599624 208
2888 599832 209
2889 600041 190
2890 600231 184
2891 600415 211
2892 600626 191
2893 600817 222
2894 601039 189
2895 601228 186
2896 601414 217
2897 601631 214
2898 601845 185
2899 602030 190
2900 602220 185
2901 602405 185
2902 602590 191
2903 602781 186
2904 602967 191
2905 603158 224
2906 603382 195
2907 603577 224
2908 603801 191
2909 603992 213
2910 604205 208
2911 604413 199
2912 604612 205
2913 604817 198
2914 605015 216
2915 605231 220
2916 605451 206
2917 605657 233
2918 605890 182
2919 606072 188
2920 606260 176
2921 606436 180
2922 606616 170
2923 606786 179
2924 606965 188
2925 607153 210
2926 607363 180
2927 607543 212
2928 607755 172
2929 607927 182
2930 608109 191
2931 608300 188
2932 608488 188
2933 608676 186
2934 608862 205
2935 609067 174
2936 609241 179
2937 609420 198
2938 609618 179
2939 609797 188
2940 609985 194
2941 610179 219
2942 610398 191
2943 610589 208
2944 610797 200
2945 610997 215
2946 611212 239
2947 611451 225
2948 611676 219
2949 611895 195
2950 612090 226
2951 612316 224
2952 612540 222
2953 612762 190
2954 612952 199
2955 613151 194
2956 613345 221
2957 613566 201
2958 613767 219
2959 613986 191
2960 614177 188
2961 614365 215
2962 614580 179
2963 614759 173
2964 614932 197
2965 615129 209
2966 615338 191
2967 615529 193
2968 615722 176
2969 615898 183
2970 616081 176
2971 616257 185
2972 616442 177
2973 616619 195
2974 616814 183
2975 616997 187
2976 617184 200
2977 617384 188
2978 617572 179
2979 617751 155
2980 617906 209
2981 618115 167
2982 618282 161
2983 618443 155
2984 618598 182
2985 618780 197
2986 618977 224
2987 619201 243
2988 619444 227
2989 619671 228
2990 619899 196
2991 620095 230
2992 620325 228
2993 620553 209
2994 620762 219
2995 620981 215
2996 621196 191
2997 621387 195
2998 621582 201
2999 621783 227
3000 622010 205
3001 622215 155
3002 622370 231
3003 622601 241
3004 622842 234
3005 623076 217
3006 623293 232
3007 623525 238
3008 623763 205
3009 623968 228
3010 624196 253
3011 624449 236
3012 624685 219
3013 624904 187
3014 625091 204
3015 625295 204
3016 625499 168
3017 625667 162
3018 625829 180
3019 626009 207
3020 626216 232
3021 626448 202
3022 626650 231
3023 626881 192
3024 627073 192
3025 627265 189
3026 627454 192
3027 627646 190
3028 627836 201
3029 628037 201
3030 628238 177
3031 628415 180
3032 628595 220
3033 628815 231
3034 629046 192
3035 629238 238
3036 629476 196
3037 629672 198
3038 629870 190
3039 630060 216
3040 630276 195
3041 630471 189
3042 630660 183
3043 630843 197
3044 631040 232
3045 631272 198
3046 631470 205
3047 631675 205
3048 631880 177
3049 632057 204
3050 632261 204
3051 632465 189
3052 632654 202
3053 632856 220
3054 633076 294
3055 633370 187
3056 633557 192
3057 633749 184
3058 633933 202
3059 634135 214
3060 634349 186
3061 634535 217
3062 634752 192
3063 634944 206
3064 635150 205
3065 635355 204
3066 635559 231
3067 635790 232
3068 636022 220
3069 636242 216
3070 636458 232
3071 636690 201
3072 636891 189
3073 637080 198
3074 637278 183
3075 637461 192
3076 637653 190
3077 637843 184
3078 638027 210
3079 638237 198
3080 638435 184
3081 638619 171
3082 638790 216
3083 639006 232
3084 639238 181
3085 639419 203
3086 639622 172
3087 639794 198
3088 639992 177
3089 640169 199
3090 640368 196
3091 640564 201
3092 640765 222
3093 640987 186
3094 641173 211
3095 641384 179
3096 641563 186
3097 641749 189
3098 641938 198
3099 642136 186
3100 642322 241
3101 642563 219
3102 642782 215
3103 642997 236
3104 643233 221
3105 643454 191
3106 643645 198
3107 643843 230
3108 644073 258
3109 644331 204
3110 644535 216
3111 644751 219
3112 644970 206
3113 645176 227
3114 645403 192
3115 645595 213
3116 645808 198
3117 646006 197
3118 646203 196
3119 646399 187
3120 646586 187
3121 646773 200
3122 646973 220
3123 647193 222
3124 647415 206
3125 647621 222
3126 647843 228
3127 648071 235
3128 648306 235
3129 648541 198
3130 648739 203
3131 648942 229
3132 649171 243
3133 649414 197
3134 649611 197
3135 649808 191
3136 649999 206
3137 650205 185
3138 650390 201
3139 650591 186
3140 650777 209
3141 650986 267
3142 651253 185
3143 651438 179
3144 651617 197
3145 651814 198
3146 652012 203
3147 652215 215
3148 652430 197
3149 652627 187
3150 652814 212
3151 653026 203
3152 653229 221
3153 653450 218
3154 653668 234
3155 653902 232
3156 654134 225
3157 654359 211
3158 654570 197
3159 654767 236
3160 655003 199
3161 655202 203
3162 655405 212
3163 655617 197
3164 655814 228
3165 656042 182
3166 656224 215
3167 656439 237
3168 656676 206
3169 656882 221
3170 657103 207
3171 657310 230
3172 657540 188
3173 657728 206
3174 657934 229
3175 658163 232
3176 658395 181
3177 658576 206
3178 658782 201
3179 658983 174
3180 659157 209
3181 659366 232
3182 659598 235
3183 659833 235
3184 660068 239
3185 660307 222
3186 660529 234
3187 660763 234
3188 660997 185
3189 661182 250
3190 661432 213
3191 661645 206
3192 661851 185
3193 662036 191
3194 662227 231
3195 662458 237
3196 662695 237
3197 662932 216
3198 663148 221
3199 663369 204
3200 663573 221
3201 663794 215
3202 664009 190
3203 664199 190
3204 664389 220
3205 664609 208
3206 664817 202
3207 665019 205
3208 665224 232
3209 665456 199
3210 665655 224
3211 665879 217
3212 666096 190
3213 666286 200
3214 666486 202
3215 666688 225
3216 666913 205
3217 667118 199
3218 667317 256
3219 667573 199
3220 667772 182
3221 667954 301
3222 668255 214
3223 668469 193
3224 668662 223
3225 668885 209
3226 669094 187
3227 669281 191
3228 669472 193
3229 669665 184
3230 669849 202
3231 670051 212
3232 670263 211
3233 670474 220
3234 670694 202
3235 670896 187
3236 671083 196
3237 671279 205
3238 671484 205
3239 671689 205
3240 671894 181
3241 672075 196
3242 672271 194
3243 672465 211
3244 672676 178
3245 672854 199
3246 673053 211
3247 673264 184
3248 673448 202
3249 673650 178
3250 673828 212
3251 674040 190
3252 674230 185
3253 674415 198
3254 674613 229
3255 674842 199
3256 675041 187
3257 675228 193
3258 675421 202
3259 675623 205
3260 675828 206
3261 676034 224
3262 676258 196
3263 676454 190
3264 676644 193
3265 676837 196
3266 677033 190
3267 677223 196
3268 677419 220
3269 677639 208
3270 677847 223
3271 678070 220
3272 678290 196
3273 678486 208
3274 678694 215
3275 678909 208
3276 679117 175
3277 679292 239
3278 679531 211
3279 679742 208
3280 679950 187
3281 680137 196
3282 680333 196
3283 680529 211
3284 680740 202
3285 680942 178
3286 681120 196
3287 681316 190
3288 681506 181
3289 681687 211
3290 681898 208
3291 682106 215
3292 682321 181
3293 682502 196
3294 682698 191
3295 682889 200
3296 683089 199
3297 683288 199
3298 683487 193
3299 683680 198
3300 683878 238
3301 684116 205
3302 684321 189
3303 684510 217
3304 684727 204
3305 684931 239
3306 685170 186
3307 685356 189
3308 685545 192
3309 685737 183
3310 685920 177
3311 686097 177
3312 686274 189
3313 686463 198
3314 686661 216
3315 686877 181
3316 687058 216
3317 687274 192
3318 687466 198
3319 687664 213
3320 687877 184
3321 688061 174
3322 688235 210
3323 688445 216
3324 688661 174
3325 688835 204
3326 689039 195
3327 689234 183
3328 689417 177
3329 689594 180
3330 689774 177
3331 689951 195
3332 690146 184
3333 690330 183
3334 690513 189
3335 690702 201
3336 690903 192
3337 691095 201
3338 691296 210
3339 691506 201
3340 691707 198
3341 691905 189
3342 692094 249
3343 692343 204
3344 692547 189
3345 692736 184
3346 692920 224
3347 693144 207
3348 693351 207
3349 693558 198
3350 693756 204
3351 693960 189
3352 694149 184
3353 694333 195
3354 694528 186
3355 694714 183
3356 694897 198
3357 695095 207
3358 695302 201
3359 695503 199
3360 695702 186
3361 695888 189
3362 696077 186
3363 696263 213
3364 696476 192
3365 696668 204
3366 696872 258
3367 697130 259
3368 697389 198
3369 697587 198
3370 697785 202
3371 697987 192
3372 698179 189
3373 698368 208
3374 698576 189
3375 698765 198
3376 698963 180
3377 699143 184
3378 699327 184
3379 699511 201
3380 699712 273
3381 699985 201
3382 700186 198
3383 700384 204
3384 700588 219
3385 700807 231
3386 701038 246
3387 701284 199
3388 701483 201
3389 701684 193
3390 701877 202
3391 702079 198
3392 702277 178
3393 702455 210
3394 702665 198
3395 702863 195
3396 703058 198
3397 703256 183
3398 703439 195
3399 703634 201
3400 703835 195
3401 704030 201
3402 704231 209
3403 704440 191
3404 704631 214
3405 704845 193
3406 705038 193
3407 705231 202
3408 705433 194
3409 705627 190
3410 705817 220
3411 706037 227
3412 706264 226
3413 706490 178
3414 706668 200
3415 706868 185
3416 707053 172
3417 707225 184
3418 707409 184
3419 707593 206
3420 707799 203
3421 708002 190
3422 708192 190
3423 708382 210
3424 708592 172
3425 708764 202
3426 708966 221
3427 709187 196
3428 709383 187
3429 709570 199
3430 709769 199
3431 709968 184
3432 710152 185
3433 710337 245
3434 710582 236
3435 710818 226
3436 711044 209
3437 711253 199
3438 711452 196
3439 711648 192
3440 711840 191
3441 712031 211
3442 712242 228
3443 712470 184
3444 712654 191
3445 712845 196
3446 713041 199
3447 713240 196
3448 713436 211
3449 713647 223
3450 713870 206
3451 714076 175
3452 714251 221
3453 714472 203
3454 714675 234
3455 714909 199
3456 715108 184
3457 715292 194
3458 715486 196
3459 715682 179
3460 715861 179
3461 716040 208
3462 716248 215
3463 716463 232
3464 716695 227
3465 716922 258
3466 717180 188
3467 717368 187
3468 717555 183
3469 717738 172
3470 717910 187
3471 718097 227
3472 718324 219
3473 718543 205
3474 718748 187
3475 718935 190
3476 719125 215
3477 719340 241
3478 719581 231
3479 719812 177
3480 719989 184
3481 720173 208
3482 720381 202
3483 720583 196
3484 720779 184
3485 720963 196
3486 721159 206
3487 721365 190
3488 721555 221
3489 721776 184
3490 721960 196
3491 722156 206
3492 722362 222
3493 722584 211
3494 722795 184
3495 722979 248
3496 723227 190
3497 723417 184
3498 723601 242
3499 723843 235
3500 724078 201
3501 724279 218
3502 724497 214
3503 724711 181
3504 724892 205
3505 725097 190
3506 725287 187
3507 725474 172
3508 725646 211
3509 725857 198
3510 726055 241
3511 726296 223
3512 726519 217
3513 726736 202
3514 726938 209
3515 727147 220
3516 727367 227
3517 727594 190
3518 727784 187
3519 727971 235
3520 728206 184
3521 728390 238
3522 728628 215
3523 728843 200
3524 729043 190
3525 729233 211
3526 729444 205
3527 729649 190
3528 729839 209
3529 730048 217
3530 730265 184
3531 730449 202
3532 730651 196
3533 730847 184
3534 731031 233
3535 731264 196
3536 731460 202
3537 731662 179
3538 731841 214
3539 732055 169
3540 732224 182
3541 732406 202
3542 732608 211
3543 732819 205
3544 733024 202
3545 733226 218
3546 733444 190
3547 733634 199
3548 733833 196
3549 734029 214
3550 734243 214
3551 734457 205
3552 734662 214
3553 734876 208
3554 735084 235
3555 735319 200
3556 735519 219
3557 735738 217
3558 735955 206
3559 736161 206
3560 736367 209
3561 736576 199
3562 736775 218
3563 736993 202
3564 737195 211
3565 737406 220
3566 737626 229
3567 737855 219
3568 738074 214
3569 738288 207
3570 738495 209
3571 738704 200
3572 738904 187
3573 739091 193
3574 739284 205
3575 739489 211
3576 739700 211
3577 739911 193
3578 740104 205
3579 740309 187
3580 740496 205
3581 740701 217
3582 740918 205
3583 741123 217
3584 741340 196
3585 741536 236
3586 741772 208
3587 741980 223
3588 742203 205
3589 742408 190
3590 742598 211
3591 742809 241
3592 743050 188
3593 743238 184
3594 743422 175
3595 743597 173
3596 743770 187
3597 743957 175
3598 744132 205
3599 744337 187
3600 744524 193
3601 744717 184
3602 744901 243
3603 745144 194
3604 745338 194
3605 745532 197
3606 745729 189
3607 745918 188
3608 746106 213
3609 746319 200
3610 746519 168
3611 746687 206
3612 746893 191
3613 747084 191
3614 747275 233
3615 747508 230
3616 747738 185
3617 747923 227
3618 748150 193
3619 748343 201
3620 748544 201
3621 748745 209
3622 748954 200
3623 749154 193
3624 749347 182
3625 749529 185
3626 749714 194
3627 749908 176
3628 750084 182
3629 750266 185
3630 750451 209
3631 750660 197
3632 750857 194
3633 751051 192
3634 751243 193
3635 751436 191
3636 751627 191
3637 751818 204
3638 752022 218
3639 752240 209
3640 752449 203
3641 752652 189
3642 752841 188
3643 753029 209
3644 753238 204
3645 753442 164
3646 753606 196
3647 753802 221
3648 754023 221
3649 754244 187
3650 754431 180
3651 754611 194
3652 754805 194
3653 754999 194
3654 755193 214
3655 755407 224
3656 755631 220
3657 755851 224
3658 756075 189
3659 756264 219
3660 756483 183
3661 756666 185
3662 756851 174
3663 757025 167
3664 757192 173
3665 757365 200
3666 757565 188
3667 757753 200
3668 757953 191
3669 758144 197
3670 758341 170
3671 758511 179
3672 758690 178
3673 758868 170
3674 759038 176
3675 759214 173
3676 759387 170
3677 759557 245
3678 759802 194
3679 759996 206
3680 760202 185
3681 760387 198
3682 760585 188
3683 760773 191
3684 760964 197
3685 761161 194
3686 761355 227
3687 761582 209
3688 761791 186
3689 761977 185
3690 762162 197
3691 762359 204
3692 762563 209
3693 762772 213
3694 762985 209
3695 763194 193
3696 763387 260
3697 763647 214
3698 763861 217
3699 764078 227
3700 764305 207
3701 764512 170
3702 764682 240
3703 764922 202
3704 765124 238
3705 765362 219
3706 765581 200
3707 765781 242
3708 766023 213
3709 766236 219
3710 766455 211
3711 766666 223
3712 766889 202
3713 767091 210
3714 767301 194
3715 767495 201
3716 767696 220
3717 767916 206
3718 768122 198
3719 768320 202
3720 768522 192
3721 768714 198
3722 768912 219
3723 769131 195
3724 769326 206
3725 769532 211
3726 769743 201
3727 769944 195
3728 770139 174
3729 770313 192
3730 770505 212
3731 770717 199
3732 770916 168
3733 771084 221
3734 771305 245
3735 771550 198
3736 771748 198
3737 771946 189
3738 772135 174
3739 772309 198
3740 772507 205
3741 772712 186
3742 772898 189
3743 773087 186
3744 773273 183
3745 773456 200
3746 773656 189
3747 773845 204
3748 774049 216
3749 774265 186
3750 774451 183
3751 774634 186
3752 774820 189
3753 775009 184
3754 775193 172
3755 775365 242
3756 775607 198
3757 775805 192
3758 775997 224
3759 776221 216
3760 776437 232
3761 776669 235
3762 776904 239
3763 777143 223
3764 777366 186
3765 777552 193
3766 777745 198
3767 777943 201
3768 778144 235
3769 778379 212
3770 778591 220
3771 778811 219
3772 779030 223
3773 779253 219
3774 779472 210
3775 779682 215
3776 779897 205
3777 780102 221
3778 780323 220
3779 780543 243
3780 780786 195
3781 780981 222
3782 781203 174
3783 781377 180
3784 781557 177
3785 781734 186
3786 781920 189
3787 782109 183
3788 782292 177
3789 782469 220
3790 782689 222
3791 782911 226
3792 783137 217
3793 783354 207
3794 783561 183
3795 783744 210
3796 783954 183
3797 784137 183
3798 784320 199
3799 784519 186
3800 784705 214
3801 784919 225
3802 785144 211
3803 785355 200
3804 785555 183
3805 785738 183
3806 785921 195
3807 786116 205
3808 786321 198
3809 786519 219
3810 786738 177
3811 786915 195
3812 787110 186
3813 787296 177
3814 787473 228
3815 787701 171
3816 787872 192
3817 788064 186
3818 788250 214
3819 788464 237
3820 788701 168
3821 788869 206
3822 789075 183
3823 789258 233
3824 789491 199
3825 789690 186
3826 789876 183
3827 790059 226
3828 790285 201
3829 790486 204
3830 790690 171
3831 790861 186
3832 791047 195
3833 791242 226
3834 791468 198
3835 791666 204
3836 791870 177
3837 792047 192
3838 792239 213
3839 792452 177
3840 792629 180
3841 792809 186
3842 792995 215
3843 793210 234
3844 793444 209
3845 793653 201
3846 793854 212
3847 794066 174
3848 794240 233
3849 794473 198
3850 794671 180
3851 794851 194
3852 795045 189
3853 795234 180
3854 795414 198
3855 795612 222
3856 795834 204
3857 796038 190
3858 796228 192
3859 796420 189
3860 796609 210
3861 796819 204
3862 797023 210
3863 797233 227
3864 797460 201
3865 797661 210
3866 797871 190
3867 798061 175
3868 798236 207
3869 798443 221
3870 798664 227
3871 798891 186
3872 799077 192
3873 799269 199
3874 799468 192
3875 799660 173
3876 799833 193
3877 800026 219
3878 800245 205
3879 800450 174
3880 800624 212
3881 800836 181
3882 801017 189
3883 801206 177
3884 801383 186
3885 801569 201
3886 801770 204
3887 801974 186
3888 802160 196
3889 802356 195
3890 802551 226
3891 802777 189
3892 802966 198
3893 803164 201
3894 803365 198
3895 803563 217
3896 803780 183
3897 803963 204
3898 804167 223
3899 804390 192
3900 804582 198
3901 804780 189
3902 804969 227
3903 805196 200
3904 805396 236
3905 805632 180
3906 805812 232
3907 806044 197
3908 806241 194
3909 806435 179
3910 806614 197
3911 806811 191
3912 807002 197
3913 807199 203
3914 807402 191
3915 807593 194
3916 807787 194
3917 807981 233
3918 808214 174
3919 808388 236
3920 808624 267
3921 808891 209
3922 809100 194
3923 809294 191
3924 809485 266
3925 809751 191
3926 809942 194
3927 810136 185
3928 810321 188
3929 810509 197
3930 810706 203
3931 810909 206
3932 811115 192
3933 811307 219
3934 811526 207
3935 811733 212
3936 811945 227
3937 812172 206
3938 812378 197
3939 812575 194
3940 812769 199
3941 812968 221
3942 813189 248
3943 813437 192
3944 813629 185
3945 813814 194
3946 814008 203
3947 814211 218
3948 814429 186
3949 814615 196
3950 814811 207
3951 815018 216
3952 815234 191
3953 815425 194
3954 815619 243
3955 815862 197
3956 816059 218
3957 816277 218
3958 816495 227
3959 816722 214
3960 816936 224
3961 817160 252
3962 817412 212
3963 817624 206
3964 817830 212
3965 818042 185
3966 818227 215
3967 818442 182
3968 818624 194
3969 818818 191
3970 819009 220
3971 819229 192
3972 819421 216
3973 819637 207
3974 819844 188
3975 820032 197
3976 820229 232
3977 820461 188
3978 820649 236
3979 820885 237
3980 821122 176
3981 821298 195
3982 821493 241
3983 821734 224
3984 821958 243
3985 822201 197
3986 822398 188
3987 822586 213
3988 822799 188
3989 822987 191
3990 823178 188
3991 823366 197
3992 823563 187
3993 823750 218
3994 823968 194
3995 824162 176
3996 824338 233
3997 824571 236
3998 824807 206
3999 825013 155
4000 825168 218
4001 825386 204
4002 825590 166
4003 825756 154
4004 825910 168
4005 826078 160
4006 826238 157
4007 826395 165
4008 826560 160
4009 826720 179
4010 826899 154
4011 827053 165
4012 827218 157
4013 827375 154
4014 827529 166
4015 827695 158
4016 827853 175
4017 828028 199
4018 828227 201
4019 828428 220
4020 828648 200
4021 828848 201
4022 829049 180
4023 829229 204
4024 829433 232
4025 829665 232
4026 829897 168
4027 830065 198
4028 830263 194
4029 830457 222
4030 830679 171
4031 830850 226
4032 831076 211
4033 831287 192
4034 831479 180
4035 831659 217
4036 831876 201
4037 832077 198
4038 832275 174
4039 832449 201
4040 832650 207
4041 832857 203
4042 833060 217
4043 833277 202
4044 833479 196
4045 833675 201
4046 833876 186
4047 834062 183
4048 834245 177
4049 834422 196
4050 834618 183
4051 834801 177
4052 834978 202
4053 835180 220
4054 835400 186
4055 835586 207
4056 835793 178
4057 835971 201
4058 836172 192
4059 836364 207
4060 836571 220
4061 836791 191
4062 836982 238
4063 837220 194
4064 837414 207
4065 837621 189
4066 837810 213
4067 838023 214
4068 838237 183
4069 838420 186
4070 838606 207
4071 838813 198
4072 839011 186
4073 839197 202
4074 839399 216
4075 839615 187
4076 839802 193
4077 839995 210
4078 840205 183
4079 840388 178
4080 840566 162
4081 840728 198
4082 840926 183
4083 841109 178
4084 841287 204
4085 841491 192
4086 841683 195
4087 841878 207
4088 842085 211
4089 842296 184
4090 842480 182
4091 842662 195
4092 842857 186
4093 843043 224
4094 843267 198
4095 843465 233
4096 843698 234
4097 843932 190
4098 844122 189
4099 844311 168
4100 844479 183
4101 844662 190
4102 844852 180
4103 845032 244
4104 845276 213
4105 845489 229
4106 845718 194
4107 845912 201
4108 846113 193
4109 846306 184
4110 846490 195
4111 846685 184
4112 846869 205
4113 847074 183
4114 847257 198
4115 847455 174
4116 847629 186
4117 847815 213
4118 848028 230
4119 848258 209
4120 848467 251
4121 848718 206
4122 848924 242
4123 849166 221
4124 849387 218
4125 849605 209
4126 849814 227
4127 850041 218
4128 850259 221
4129 850480 227
4130 850707 227
4131 850934 215
4132 851149 203
4133 851352 215
4134 851567 217
4135 851784 233
4136 852017 236
4137 852253 226
4138 852479 185
4139 852664 197
4140 852861 197
4141 853058 203
4142 853261 186
4143 853447 194
4144 853641 185
4145 853826 225
4146 854051 209
4147 854260 230
4148 854490 191
4149 854681 188
4150 854869 200
4151 855069 182
4152 855251 185
4153 855436 191
4154 855627 184
4155 855811 191
4156 856002 182
4157 856184 184
4158 856368 203
4159 856571 209
4160 856780 209
4161 856989 215
4162 857204 222
4163 857426 234
4164 857660 216
4165 857876 236
4166 858112 233
4167 858345 206
4168 858551 215
4169 858766 224
4170 858990 221
4171 859211 216
4172 859427 207
4173 859634 206
4174 859840 220
4175 860060 227
4176 860287 250
4177 860537 242
4178 860779 229
4179 861008 197
4180 861205 210
4181 861415 186
4182 861601 185
4183 861786 194
4184 861980 208
4185 862188 184
4186 862372 222
4187 862594 196
4188 862790 215
4189 863005 206
4190 863211 200
4191 863411 179
4192 863590 229
4193 863819 225
4194 864044 192
4195 864236 216
4196 864452 258
4197 864710 210
4198 864920 184
4199 865104 206
4200 865310 224
4201 865534 221
4202 865755 230
4203 865985 236
4204 866221 210
4205 866431 224
4206 866655 184
4207 866839 193
4208 867032 207
4209 867239 221
4210 867460 203
4211 867663 212
4212 867875 224
4213 868099 197
4214 868296 185
4215 868481 182
4216 868663 218
4217 868881 180
4218 869061 217
4219 869278 202
4220 869480 190
4221 869670 208
4222 869878 173
4223 870051 204
4224 870255 259
4225 870514 200
4226 870714 190
4227 870904 221
4228 871125 190
4229 871315 275
4230 871590 193
4231 871783 181
4232 871964 229
4233 872193 179
4234 872372 217
4235 872589 217
4236 872806 326
4237 873132 227
4238 873359 205
4239 873564 190
4240 873754 229
4241 873983 287
4242 874270 282
4243 874552 224
4244 874776 214
4245 874990 214
4246 875204 202
4247 875406 200
4248 875606 235
4249 875841 190
4250 876031 226
4251 876257 250
4252 876507 232
4253 876739 197
4254 876936 264
4255 877200 193
4256 877393 193
4257 877586 248
4258 877834 211
4259 878045 217
4260 878262 180
4261 878442 270
4262 878712 228
4263 878940 211
4264 879151 175
4265 879326 223
4266 879549 199
4267 879748 220
4268 879968 211
4269 880179 202
4270 880381 258
4271 880639 226
4272 880865 248
4273 881113 281
4274 881394 184
4275 881578 202
4276 881780 235
4277 882015 226
4278 882241 218
4279 882459 218
4280 882677 232
4281 882909 232
4282 883141 210
4283 883351 209
4284 883560 191
4285 883751 218
4286 883969 218
4287 884187 217
4288 884404 256
4289 884660 190
4290 884850 225
4291 885075 208
4292 885283 207
4293 885490 191
4294 885681 190
4295 885871 235
4296 886106 235
4297 886341 211
4298 886552 199
4299 886751 187
4300 886938 210
4301 887148 202
4302 887350 219
4303 887569 219
4304 887788 202
4305 887990 221
4306 888211 253
4307 888464 208
4308 888672 214
4309 888886 214
4310 889100 229
4311 889329 208
4312 889537 211
4313 889748 208
4314 889956 208
4315 890164 201
4316 890365 181
